
24719.015,30631.72,29626.018,17907.01,10781.4
1645.5,2751.44,2649.32,3776.17,2201.04
55824.23,55758.36,54041.02,55984.61,21616.33
12670.64,5020.71,4983.14,7765.05,1536.43
-0.000001,0,-0.000001,0,-0.000001
2836.05,2399.49,2517.42,2548.20,862.48
670.53,406.58,423.57,657.47,257.45
2189.01,1387.60,1108.05,1207.23,480.65
55241.97,44022.85,44500.09,68137.49,14812.43
23.24,19.54,23.09,22.88,7.48
54245.05,54906.24,60525.65,61193.57,27399.18
9252.01,15302.14,20981,04,27901.96,13283.69
5166.43,4538.31,4705,52,4123.19,1751.25
3617.71,4481.58,4719.87,4656.91,1436.89
29615.13,27030.31,26090.64,17754.22,7253.89
2222.46,2016.18,2238.74,1899.96,467.61
889.89,725.65,877.94,877.70,294.70

