POTENCIA INSTALADA 01/01/2015-31/12/2019

Sistema eléctrico Peninsular

Magnitudes [MW]
 
                           2015                 2016                 2017                 2018                 2019


Hidráulica:              17040,961            17047,991             17,205               17062,859           17097,046
Turbinación bombeo:      3331,43              3331,43               3331,43              3331,43             3331,43
Nuclear:                 7572,58              7572,58               7117,29              7117,29             7117,29
Carbón:                  10494,015            9561,885              9561,885             9561,885            9215,045
Fuel + Gas:              7,95                 7,95                  7,95                 7,95                7,95
Ciclo combinado:         24947,695            24947,695             24947,695            24561,845           24561,845
Eólica:                  22761,827            22813,262             22851,621            23005,791           25244,194
Solar fotovoltaica:      4434,688             4439,144              4442,013             4520,465            8495,255
Solar térmica:           2304,013             2304,013              2304,013             2304,013            2304,013
Otras renovables:        881,317              883,94                880,698              885,591             1035,816
Cogeneración:            6198,679             5976,77               5811,046             5798,291            5675,002
Residuos no renovables:  417,969              406,037               410,037              410,037             403,509
Residuos renovables:     114,838              114,838               118,838              118,838             118,838

Potencia total           100507,932           99407,505             98836,691            98686,255           104607,203



Fecha exportación 18/05/2023 - 21:02:07

Fuente www.ree.es
