POTENCIA INSTALADA 01/01/2019-31/12/2023

Sistema eléctrico Peninsular


Magnitudes [MW]


                                  2019             2020             2021             2022             2023


Hidráulica:                    17097,046         17096,941        17092,605        17092,605        17095,04
Turbinación bombeo:            3331,43           3331,43          3331,43          3331,43          3331,43
Nuclear:                       7117,29           7117,29          7117,29          7117,29          7117,29
Carbón:                        9215,045          5492,025         3522,925         3223,165         3223,165
Fuel + Gas:                    7,95              7,95             7,95             7,95             7,95
Ciclo combinado:               24561,845         24561,845        24561,845        24561,845        24561,845
Eólica:                        25244,194         27127,354        28030,364        29425,149        29517,249
Solar fotovoltaica:            8495,255          11415,906        14955,688        19508,711        20353,968
Solar térmica:                 2304,013          2304,013         2304,013         2304,013         2304,013
Otras renovables:              1035,816          1085,644         1086,96          1087,35          1087,35
Cogeneración:                  5675,002          5659,085         5608,271         5592,982         5592,982
Residuos no renovables:        403,509           393,829          406,619          387,179          387,179
Residuos renovables:           118,838           118,838          131,628          131,628          131,628

Potencia total:                104607,203        105712,12        108157,558       113771,267       114711,059




Fecha exportación 18/05/2023 - 23:24:47
 
Fuente www.ree.es
